8.00  4.000202e-07
9.00  4.889154e-06
15.00  7.624054e-09
16.00  1.880158e-06
17.00  1.541968e-04
18.00  5.593363e-03
19.00  1.073108e-01
20.00  1.242941e+00
21.00  9.641115e+00
22.00  5.393690e+01
23.00  2.323618e+02
24.00  8.047041e+02
25.00  2.329385e+03
26.00  5.827374e+03
27.00  1.286405e+04
28.00  2.553150e+04
29.00  4.634564e+04
30.00  7.802577e+04
31.00  1.232029e+05
32.00  1.840999e+05
33.00  2.623228e+05
34.00  3.587238e+05
35.00  4.732296e+05
36.00  6.045104e+05
37.00  7.514891e+05
38.00  9.122851e+05
39.00  1.084612e+06
40.00  1.265657e+06
41.00  1.451393e+06
42.00  1.640393e+06
43.00  1.830428e+06
44.00  2.019290e+06
45.00  2.204595e+06
46.00  2.382381e+06
47.00  2.553403e+06
48.00  2.716837e+06
49.00  2.871743e+06
50.00  3.017031e+06
51.00  3.149742e+06
52.00  3.272075e+06
53.00  3.384485e+06
54.00  3.486844e+06
55.00  3.578961e+06
56.00  3.658868e+06
57.00  3.729078e+06
58.00  1.389731e+07
59.00  2.279009e+07
60.00  3.886991e+06
61.00  3.920564e+06
62.00  3.946512e+06
63.00  3.965784e+06
64.00  3.978760e+06
65.00  3.985685e+06
66.00  3.986694e+06
67.00  1.223634e+07
68.00  4.113976e+06
69.00  6.013943e+06
70.00  3.330625e+06
71.00  3.044846e+06
72.00  3.047125e+06
73.00  3.046854e+06
74.00  3.043686e+06
75.00  3.037433e+06
76.00  3.028502e+06
77.00  3.016829e+06
78.00  3.002513e+06
79.00  2.985816e+06
80.00  2.966598e+06
81.00  2.943920e+06
82.00  2.919193e+06
83.00  2.892720e+06
84.00  2.864771e+06
85.00  2.835402e+06
86.00  2.804706e+06
87.00  2.772882e+06
88.00  2.739950e+06
89.00  2.706039e+06
90.00  2.671049e+06
91.00  2.634300e+06
92.00  2.596779e+06
93.00  2.558665e+06
94.00  2.520043e+06
95.00  2.480971e+06
96.00  2.441519e+06
97.00  2.401792e+06
98.00  2.361726e+06
99.00  2.321402e+06
100.00  2.280796e+06
101.00  2.239384e+06
102.00  2.197873e+06
103.00  2.156317e+06
104.00  2.114727e+06
105.00  2.073215e+06
106.00  2.031721e+06
107.00  1.990297e+06
108.00  1.948983e+06
109.00  1.907692e+06
110.00  1.866502e+06
111.00  1.825038e+06
112.00  1.783633e+06
113.00  1.742466e+06
114.00  1.701492e+06
115.00  1.660718e+06
116.00  1.620189e+06
117.00  1.579832e+06
118.00  1.539721e+06
119.00  1.499827e+06
120.00  1.460116e+06
121.00  1.420658e+06
122.00  1.381397e+06
123.00  1.342356e+06
124.00  1.303567e+06
125.00  1.264904e+06
126.00  1.226259e+06
127.00  1.187808e+06
128.00  1.149548e+06
129.00  1.111529e+06
130.00  1.073707e+06
131.00  1.036059e+06
132.00  9.986114e+05
133.00  9.613090e+05
134.00  9.242027e+05
135.00  8.872606e+05
136.00  8.504367e+05
137.00  8.137659e+05
138.00  7.771989e+05
139.00  7.407268e+05
140.00  7.043496e+05
141.00  6.679519e+05
142.00  6.316336e+05
143.00  5.953722e+05
144.00  5.591364e+05
145.00  5.229925e+05
146.00  4.868931e+05
147.00  4.508300e+05
148.00  4.148535e+05
149.00  3.789459e+05
150.00  3.431981e+05
151.00  3.076414e+05
152.00  2.723340e+05
153.00  2.374019e+05
154.00  2.028714e+05
155.00  1.688908e+05
156.00  1.356250e+05
157.00  1.031248e+05
158.00  7.112580e+04
159.00  3.895480e+04
160.00  1.032539e+04
